33552
13927
30
58971
36072
19576
23567
27379
38927
20169
2915
4043
22544
59613
13964
62811
4306
59309
1924
20476
25083
38819
27805
58339
4956
53748
31061
61498
28438
54916
43929
59218
32035
19843
37634
23031
12607
29507
8706
15390
62705
61078
13806
25205
46984
18707
15256
24934
2092
23108
53569
56334
18032
13604
2288
45036
15240
28947
65337
31008
41209
65456
38858
21040
32231
58473
38273
2728
17370
47975
45272
12727
8951
1335
27919
55160
46895
1692
3111
8850
52079
17386
32895
53160
53249
65
28429
4414
63185
58288
3127
10978
42923
3177
45532
30909
2340
42351
3358
51061
16163
53845
36804
27538
18638
44351
24629
60237
29997
11704
17304
39167
5196
24271
22894
6189
23668
21809
24643
22922
14500
4509
24922
55794
55604
44292
50731
13611
12156
38770
27005
399
25753
58254
19244
29954
20726
45483
28384
41369
54608
54584
37371
55142
36392
64869
14578
13941
36439
25243
14270
12544
2488
1956
39499
25608
30965
1931
64187
36718
9085
22982
43616
47090
8211
27726
63797
50396
24914
40741
2938
61471
10263
45861
5091
50447
60181
13031
21127
18093
7776
12598
25208
44235
52386
31479
38704
49018
52300
17682
5892
51693
22485
18868
7359
27084
59867
5318
16635
2964
16439
320
54912
6545
65513
9312
12422
50422
1457
63951
58007
36816
44148
56142
19392
4070
9142
24704
31091
62711
30808
34474
18079
21760
2968
49234
29203
3514
43598
2962
26455
61815
11456
23936
22690
30353
46013
10329
9020
26176
21236
25762
54701
54933
16295
24642
21518
1170
23855
9707
20846
20549
43685
8400
44058
42814
7239
22251
46951
57689
43999
10764
52682
11856
13272
62912
41980
23082
41217
12096
47827
52762
2638
38191
28963
63699
37199
45312
24844
30131
43309
19585
39836
23609
10347
39526
1878
14779
7308
4942
61037
30599
17466
50252
17838
37994
57371
46116
51148
40580
31175
3171
2465
12222
41435
12190
64087
18554
54442
49918
26791
44722
19592
16731
42728
22409
37256
15161
53052
64529
61910
9768
7481
64037
8826
42519
2290
25642
7119
5924
49450
35374
25403
40992
48905
59749
61737
51592
42249
48300
27467
28071
57085
15713
26173
39318
21113
26205
24420
27274
52192
38380
8342
54951
59726
21248
18111
7293
62497
11571
38768
14483
46070
40441
35600
55792
50800
583
25429
52867
18306
11977
51600
44284
51210
15099
57851
26721
23596
30569
44838
49040
11663
46233
45869
44282
59678
39847
28105
7645
35881
14744
5214
21024
3924
9345
62543
2433
42701
13526
1855
45205
27190
36380
61617
57193
46321
64265
3691
22515
42558
11957
19567
1028
56032
48255
37360
18607
42234
48898
32131
20085
41496
50507
18467
50952
14848
7636
37907
3982
16743
9137
48481
63812
402
26066
21434
62710
35201
37980
37590
22780
22324
41587
5237
4209
15454
10062
31181
36383
8045
23080
6587
3527
57728
53315
28824
6789
9047
13775
2706
7462
58710
44430
64428
34005
16665
34110
35583
20096
9851
62109
14542
25629
8094
39104
20338
45065
19456
38525
29316
49555
54756
64843
13516
31768
28747
26381
4376
10730
30900
37874
28032
54156
47154
47678
5807
37224
11418
30674
14128
38131
49803
31697
60562
7124
33432
31976
5857
55371
34137
20196
52512
17526
54663
5021
53162
23816
47684
12203
33122
23548
61595
23633
54237
44757
14068
5879
47934
15135
46355
21423
35845
3905
658
59583
41938
39094
12955
7973
49824
469
18802
26139
45502
824
2183
60164
40305
61058
56015
28153
45138
32827
19093
12493
14430
28116
8061
36257
13946
30112
37762
38961
48787
1667
5010
23670
58903
18184
19941
54457
14883
23004
2567
47580
16749
11012
32196
25390
46801
3942
29170
26592
21767
40635
2479
22282
3445
51249
34355
37342
8707
10026
46103
54937
46625
23011
27316
33847
52381
21449
18871
50585
34147
46663
61602
57680
23335
25516
16491
62992
13255
6740
48540
60222
37218
17960
38292
5328
7945
4904
51669
10327
64433
5613
39809
36428
5295
3869
28080
35694
15341
50573
37862
56791
47434
35206
62627
4417
7111
8374
14887
50430
27908
53197
53489
61218
54320
23476
64862
203
4756
37857
19366
56071
63466
34816
63067
25747
6419
47862
44625
62690
29708
19333
12661
42767
54398
16671
44900
5779
61887
44393
1993
37639
56360
27707
7518
63120
42339
23988
28360
21746
27120
7565
27069
13752
10405
62679
55148
60914
61482
24797
6753
23440
22861
39195
59639
8001
28587
5184
54699
11844
19076
18249
10304
686
61257
29493
9585
60798
23091
22580
33870
48697
21644
51952
20115
29846
17452
40997
7363
45493
28283
13947
467
8407
51947
39939
26521
3102
6152
38765
61517
49728
28674
36695
52720
24426
43740
49759
41465
41000
40554
15314
22772
42705
21137
19638
58752
15129
48224
51287
33309
12814
20588
48032
2586
34997
35844
1106
53412
3069
51743
27673
51446
49310
19839
55313
60173
52678
32350
60704
3646
40493
33666
59637
37823
16949
24226
32706
27940
30548
63714
11411
48684
55442
46607
47342
62903
18126
52284
60020
60267
53757
119
33970
21664
44508
64430
32438
41767
15401
48388
10608
31696
55686
51724
46633
58636
23311
43670
61881
6313
59516
20437
9432
4760
6358
4004
28979
62180
53724
24200
14973
57072
19934
7466
37208
52487
37289
16166
39662
48704
26698
40011
59789
8100
40503
2432
21280
394
15805
12137
57574
37561
18728
34780
39350
5852
25975
26583
7848
16483
4768
56812
46110
6795
14564
5053
21090
48409
10716
58794
2796
22291
30554
65149
62104
26979
27037
20512
29220
15692
19520
39029
10247
24902
39988
18354
23089
3476
53457
37027
17035
64139
56170
31270
62379
45058
3095
47922
16764
61063
14411
46834
54318
56978
5799
45220
919
49026
37508
14487
54372
51556
54244
9899
6699
18089
60510
29987
10321
41756
7031
21042
40152
17854
2672
6567
58569
42758
42646
48935
58256
33068
44061
59740
10809
32652
13161
7671
3096
24958
8778
36093
30096
18716
43027
32781
19712
10132
62515
2846
34548
45477
18340
4522
56514
61093
58213
23244
3027
13704
29219
16821
6109
51014
46626
43417
62170
46341
13207
10953
25013
65173
51153
38805
13096
13300
20301
10940
38045
28468
49261
34390
35568
11201
25615
60195
15002
21393
11202
45478
51372
57120
59575
50024
36073
44477
24836
15066
33921
8442
29165
39606
1323
52343
26651
37096
14501
34324
24884
40716
4621
60061
58954
21056
38496
64264
60253
64106
2132
32075
35754
38806
30562
32022
49196
3693
50550
23616
51652
40650
48615
63415
12817
10642
10727
62982
59449
59330
42239
21909
41216
40846
18263
34214
54634
43641
19666
24315
58534
63422
56862
38799
32410
51267
59192
33649
27075
57983
17950
61373
35107
51564
41594
44018
19518
59690
3965
45696
38810
27445
26821
4927
40962
62498
47888
24830
54139
57729
50486
60787
44948
56217
19790
51120
54955
5775
12517
1242
8595
36841
3908
34634
29504
35119
17766
31848
44046
38779
55931
15633
25449
53080
21730
30940
35084
26609
48963
24943
56386
26940
46973
62381
57531
34482
30271
21680
51858
22641
8752
51091
14486
29687
16120
50641
29054
18158
56085
57402
23500
63634
27503
15731
34497
37843
14633
47869
5009
61256
50012
20523
31119
35675
29883
43055
65073
42054
3449
40334
55205
47403
40257
56298
15573
38460
22571
4430
23394
16462
18631
17206
36052
41347
31060
49003
44752
63836
23536
21032
37712
545
42682
64783
11776
14221
43258
33285
21008
32009
29801
39243
18691
58482
56911
18912
52073
36848
23823
19168
25130
60005
64186
63650
24814
17086
54042
11271
54560
62825
40594
29294
17018
24501
21458
11950
29301
51459
13309
18780
8967
23517
26004
39176
19589
45721
11658
4885
4830
40651
26088
65470
53069
61629
25509
13402
3789
17189
33441
56344
43750
9266
64171
45607
20435
34163
45439
54187
37185
29841
12828
60216
2455
54401
32041
53921
30368
60023
28302
19733
41129
29290
11373
55187
55631
47970
51276
31877
42669
51526
28045
50910
40972
41994
49656
56063
48529
14626
3536
23677
42231
52793
58310
26431
58505
35505
25818
14091
35414
15170
5909
20691
32117
36844
31009
19465
12593
28928
27420
13590
23405
14496
47643
33731
50943
43400
4290
17905
23740
16838
63834
14572
49462
32994
42925
7773
39064
24398
14088
9622
6787
42003
12067
46838
64101
19090
8961
11980
19338
5643
2640
65297
247
15089
59409
54135
54393
57476
63474
43609
50916
59733
28173
20648
1455
40281
8801
41284
59398
64883
11404
41019
15997
43257
1014
15954
25720
38107
4890
2953
52885
41793
8956
47586
17091
28376
13142
32685
42591
24357
17409
63368
21260
62281
39417
23558
11277
29779
4954
14343
8583
51330
30491
28656
59621
28339
55894
4363
43451
36388
39503
42940
43308
59439
26720
45289
8652
26274
52053
63011
30960
15919
35435
45119
40791
16445
27372
50275
18176
21932
18252
33721
1200
56094
41204
40002
10675
28992
47143
24101
23499
13763
9305
41646
18148
22727
18821
28377
60542
16142
25722
17373
47162
34913
4431
49933
20511
19938
35423
11048
6054
22439
12041
36373
481
36845
43944
5338
10039
5202
55500
10799
39565
63839
62804
38887
60849
5459
13653
14741
10158
20610
14994
36003
62763
51434
38598
60551
26822
36963
35218
18883
24165
11477
44403
59831
31983
18318
58762
43429
37470
12695
53272
63138
55767
23547
1159
7576
10610
39030
61238
27347
57977
55314
36561
8365
19572
24465
22319
6363
47315
64261
28608
11152
4337
58463
34924
55372
29451
31711
26646
63679
33724
32662
57627
54352
46435
28983
43414
22010
16657
16736
55293
44859
24979
60557
33100
32617
39126
55350
47074
37387
15852
8458
16027
51293
38503
52425
36357
27364
10235
542
58432
30130
47248
7316
19349
1669
11944
37186
31071
61682
57996
9251
49709
6126
24108
43726
28671
10526
30564
22706
471
29949
33178
3078
6729
6678
25025
7448
16326
27376
43004
18053
41503
2557
6423
10686
45335
26488
59262
37927
10555
39083
48889
21477
53372
22816
28459
5216
23579
32626
40224
58475
41143
38205
4187
24292
41739
57717
19866
63692
44519
25548
7238
31521
13844
41097
33329
18289
32709
37283
38157
7748
40921
18662
37123
11997
49415
11503
30617
21636
4166
18309
38611
34387
40925
32704
39685
60692
55060
11895
37319
32094
13767
45351
42715
40416
503
24494
457
64643
36772
30479
64191
32367
34330
13715
33697
21558
460
925
56165
18204
17198
55906
49557
31985
7236
40752
17069
59596
62395
30621
19917
50458
45382
26345
57961
91
13873
36781
13679
18181
29110
49815
39960
45128
4248
63250
16808
3667
47594
10798
20810
63767
38262
23348
34810
11053
36468
265
5842
58345
4251
20332
42969
34446
16170
59851
24424
24510
43447
2560
45958
62523
58772
60259
40531
27640
20120
40714
25783
6555
19053
14518
65122
37109
35120
52665
18736
35574
1056
10830
35861
39295
47082
56108
41119
3834
8666
17512
9827
5678
65227
20807
11151
35059
51608
43947
43958
6455
13730
8554
31819
23784
41972
9387
29212
9968
32012
52067
47128
34957
43460
57599
8671
45834
39319
14244
3379
9602
4158
25027
53624
53334
26336
26486
18824
13258
54004
40247
56182
24598
19438
22852
9745
58348
22090
42934
1079
58771
60641
57147
26480
5432
39691
19034
41322
60765
768
12113
43433
53956
25004
62840
11673
63654
51749
32913
60962
21554
44553
8712
44084
17751
4589
50437
27857
63786
52861
40856
924
49146
47209
14870
36023
6850
45091
61995
36146
28722
49629
13550
33463
28151
4581
58646
41768
56523
53654
57756
28819
50013
41307
9067
21879
41424
18133
2454
55643
2526
17161
28662
46415
35722
11550
55961
13829
31561
3705
44241
20081
21953
5863
40139
39091
34990
51505
7695
10335
12152
40347
29429
63170
41885
30413
40987
12488
55907
6807
9166
10572
35634
7120
63964
25839
34064
2548
41871
27870
7475
55567
6599
24534
36689
22272
42826
39235
14879
60372
59866
51624
3257
38373
43029
39044
64916
7789
50520
33735
5906
7093
6436
30187
5287
45695
8821
1130
8143
43507
21014
39330
25112
16490
14409
54796
22546
54558
14356
34504
55250
46856
59697
30074
25475
44475
53115
45694
43187
59549
8641
62870
8547
8311
3224
28295
23509
27398
60105
51204
2023
38771
4056
24158
1221
1319
27456
9115
9705
38683
50111
49810
165
58583
56530
47420
33785
15182
60870
34741
38950
45685
56531
55536
12010
23454
1318
13832
41695
1030
3304
57083
46047
22468
17783
27370
11381
63043
4198
51577
12642
37929
60532
21986
16159
40204
27419
28701
18055
29392
52580
58862
26196
31887
63794
55477
63296
24969
53834
19435
27172
6375
9880
39383
52473
51273
31433
40543
64779
33851
43801
56553
64649
64049
45167
33956
52104
23315
51898
44289
56637
43784
20479
61566
56394
27603
51472
27898
37422
46222
18403
57692
24193
32384
32889
40828
27738
20535
39232
24773
5475
59949
7329
27615
2497
40965
16895
59296
7979
45536
61906
11126
16666
51997
58068
6709
57924
37203
34993
36032
36414
49782
59173
37709