31005
26806
1075
47561
2151
48023
29843
45733
1436
39924
52100
5735
26218
110
43880
64633
11838
32281
62304
19305
22054
35293
24652
51751
25492
34573
61820
37861
17908
45856
27411
18808
44720
54604
34828
35985
14544
51623
45142
51511
44688
12932
6544
12347
13276
9917
1452
31458
46220
46687
27314
60599
60587
51374
12751
642
6754
21004
12208
10905
130
38026
35308
56742
57854
17225
35833
34930
49913
58755
3420
41753
16701
37748
60237
26384
59632
28305
22924
16829
15560
49753
26171
43387
33369
43602
9288
5396
31732
2611
11446
62871
60990
20573
43086
35788
64816
34579
22651
33429
49274
52140
21860
32330
25623
43542
51571
24344
13980
34607
58390
5580
49632
9346
38419
61531
23460
40906
1393
51365
29229
39778
984
6228
26082
37331
4667
15087